00001000010011010010011100000000000000000000000000000000000000000000000000000000000000000010010001010011000110010001000100001100000001010000001100000000000000000000000000000000001001110101000101001101010010110100110101001000001010010000000000000000000000000000000000000010000001100000011000000110000011000001100000001101000000000000000000000000000000000000000000000000000000000000000000000000000000000000000000000000000000000000000000000000000000000000000000000000000000000000000000000000000000000000000000000000
00000000000000000000000000000000000000000000000000000000000000000000000000000000000000000000000100011100001111110000011000000000000000000000000000000000000000000000000000000000000000100100011001001101000001000000000000000000000000000000000000000000000000000000000000010101010101010001100000000000000000000000000000000000000000000000000000000000000001000100010100110100000000100000000000000000000000000000000000000000000000000000000000011110010010000000011100000000000000000000000000000000000000000000000000000000
00000000000000000000001000110111010110110000101100000000000000000000000000000000000000000000000000000000000111010110000100100100000000000000000000000000000000000000000000000000000000000000001101001111010001000000100000010100000001000000000000000000000000000000000000000000000010000101101000111001001111100101001100001010000000000000000000000000000000000000000000000010001101000101100001001011000111000000000100000000000000000000000000000000000000000000000000000011000001100000010000000001000000000000000000000000
00000000000000000000000000000000000000000000000000000000000000000000000000000000000000000000000000000000000000000000000000000000000000000000000000000000000000000000000100001000000011110000111000001001000001000000000000000000000000000001100100111010010010110101001101011111011001000101110101000011000001000000000000000000000101000011000000100110000110000001010100011101010001010110000100000111000000000000000000000000000000000000000000000000000000000000110101011011001110000000001000000000000000000000000000000000
00000000000000000010000001000011000001000000000000000000000000000000000000000000000000000000000000000000001111100010010100000000000000000000000000000000000000000000000000000000000000000000010101000010000011010000000000000000000000000000000000000000000000000000000000000000000101010011100000000010000000000000000000000000000000000000000000000000000000000000000000001111000100110000000000000000000000000000000000000000000000000000000000000000000000000000000000000000000000000000000000000000000000000000000000000000
00000000000000000000000000000000000000000000000000000000000000000000000000000000000000000000000000000000000000000000000000000000000000000000000000000000000000000000000000000000000000000000101100011011000000010000000000000000000000000000000000000000000000000000000000000001001101010011110100000001000000000000000000000000000000000000000000000000000000000000010001001010001000100000000000000000000000000000000000000000000000000000000000000000000010110100110000001110000000000000000000000000000000000000000000000000
01011010010010000000001100000001001000010101111100001110000000000000000000000000000000010011001101100000000111100011001001101010010110000000100000000000000000000000000000000000000001100100011101100111011110010111000000100001000000010000000000000000000000000000000000000000000010000100001001110010001010110000001100000000000000000000000000000000000000000000000000000000000100110010011100000100000000000000000000000000000000000000000000000000000000000000000000000000000000000000000000000000000000000000000000000000
00000000000000000000000000000000000000000000000000000000000000000000000000000000000000000000000000000000000000000000000000000000000000000000000000000000000000000000000000000000000011010010010100100111000010010000000100000000000000000000000000000000000000100010000001011010011110000111010001010001000010110000000000000000000000000000000000010011011010000110111001001000001101100110100100011101000000000000000000000000000000100100010101101000001000110000001000001011011000100001110000000000000000000000000000000110
00000111010100100001111000000001000000100011110000100001000000000000000000000000000000000001101101001110000010000000000000001100010010100001000000000000000000000000000000000000001000110011000100000000000000010011000000101011000000010000000000000000000000000000000000010010000111010000000000000001001100110000101000000000000000000000000000000000000000000000000100000010000000000000000000000111000000010000000000000000000000000000000000000000000000000000000000000000000000000000000000000000000000000000000000000000
00000000000000000000000000000000000000000000000000000000000000000000000000000000000000010000001100000000000000000000000000000000000000000000000000000000000000000000000000010100001011100000000100000000000000000000000000000000000000000000000000000000000000000011100001000011000000010000000000000000000000000000000000000000000000000000000000000001001111010100110000011001001000000001001000000010000000000000000000000000000000000000001101000111010101100011010000110100010010110001011000000000000000000000000000000000
00000000000000000011011001010110000001110000000000000000000000000000000000000000000000000000000000000110010110100011100000000001000000000000000000000000000000000000000000000000000000000001110001100111000110000000000000000000000000000000000000000000000000000000000000000000001010110100011100000100000000000000000000000000000000000000000000000000000000000000000000000101000001110000000000000000000000000000000000000000000000000000000000000000000000000000000000000000000000000000000000000000000000000000000000000000
00000000000000000000000000000000000000000000000000000000000000000000000000000000000000000000000000000010000000100000000000000000000000000000000000000000000000000000000000000000000000000010000000100110000000000000000000000000000000000000000000000000000000000000000000000001001110100100001100000000000000000000000000000000000000000000000000000000000000000000011101010110001100000000000000000000000000000000000000000000000000000000000000000000000110010110010100010110000000000000000000000000000000000000000000000000
00000001001101000110010101000101010100110100110000011010000000000000000000000000000000000000111101010001001010110001001100010110010011000011101100000000000000000000000000000010001110000010111000000010000000000000110101001110000110010000000000000000000000000000101100110010000001110000000000000001001011110011001000000011000000000000000000000000000000010000001000000000000000000000000100000111000000110000000000000000000000000000000000000000000000000000000000000000000000000000000000000000000000000000000000000000
00000000000000000000000000000000000000000000000000000000000000000000000000000000000000000000001000000011000000000000000000000000000000000000000000000000000000000000000000001011001100100011101000000101000000000000000000000000000000000000000000000000000000000000111000110100010101010000011100000000000000000000000000000000000000000000000000000000000000010011011100111000000000010000000000000000000000000000000000000000000000000000000000001011010011100001100000001000000001000000000100000000000000000000000000000000
00000000000101100110100001001101001101110100011000000011000000000000000000000000000000000000000000001100011000100101010000111011001111110000001000000000000000000000000000000000000000000000000100100010011001010110111000011111000000000000000000000000000000000000000000000000000000000000000100100101001001000000001100000000000000000000000000000000000000000000000000000000000000000000000000000000000000000000000000000000000000000000000000000000000000000000000000000000000000000000000000000000000000000000000000000000
00000000000000000000000000000000000000000000000000000000000000000000100000001100000000000000000000000000000000000000000000000000000000000000000000000000000100010011110100000110000000000000000000000000000000000000000000000000000000000000000000000010001111000010110000000001000000000000000000000000000000000000000000000000000000000000000000010100010100000000111100000010000010000000000100000000000000000000000000000000000000000000001100111100001111110011001001011000000111110000000100000000000000000000000000000000
00000000000000010000010100000111000011000011001001100000000011010000000000000000000000000000000000000000000000010000000100000100001110110011011100000011000000000000000100001110000101000010000100110111001110100001010100101111000001110000000000000000000001100100111001100100011011000110001001000000000010010000001000000000000000000000000000000010000101100001100100010111000010110000000100000000000000000000000000000000000000000000000000000000000000000000000000000000000000000000000000000000000000000000000000000000
00000000000000000000000000000000000000000000000000000000000000000000000000000000000000000000000000000000000000000000000000000000000000000000000000000000000000000000000000000010000101000001010100000010000000000000000000000000000000000000000000000000000000100010110001100110011001010001101100000000000000000000000000000000000000000000000000000101010101010110111101110010010011000001011100000110000000000000000000000000000000000000001000101100010111000110000101100100011010110101000000001001000000000000000000000000
00111000011100000110101001010111010101000110001000100001000000000000000000000000000100000110011101010110001010000001110001000110010111100001100000000000000000000000000000000110001111110110000001011010010101100011110100010010000000010000000000000000000000000000000000000100000011110001101000001101000000110000000000000000000000000000000000000000000000000000000000000000000000000000000000000000000000000000000000000000000000000000000000000000000000000000000000000000000000000000000000000000000000000000000000000000
00000000000000000000000000000000000000000000000000000000000000000000000000000000000000000000000000000010001100000001111000000000000000000000000000000000000000000000000000000000000000000001011101100110001010100000000000000000000000000000000000000000000000000000000000001001010100010101100000001001000000000000000000000000000000000000000000000000000000010011101001101110001001000000000000000000000000000000000000000000000000000000010000101011011011110100111000100000000100100000001000000000000000000000000000000011
